600938 中国海油 日线 前复权
      日期	    开盘	    最高	    最低	    收盘	    成交量	    成交额
2022/04/21	11.34	13.93	11.34	12.17	882277284	12124020736.00
2022/04/22	12.89	13.55	12.43	13.55	357664359	5241455616.00
2022/04/25	14.07	14.49	12.16	12.67	598019053	8874383360.00
2022/04/26	12.38	12.65	11.63	12.00	401307298	5502621696.00
2022/04/27	12.41	13.36	12.18	13.36	418253535	6051042816.00
2022/04/28	12.89	13.84	12.83	13.84	365473667	5461584896.00
2022/04/29	14.38	15.39	13.89	15.39	418628343	6848266240.00
2022/05/05	15.43	15.59	14.58	14.58	317221809	5273048064.00
2022/05/06	14.19	15.04	14.03	14.06	294586803	4748173824.00
2022/05/09	13.87	14.77	13.54	14.64	245111428	3856380672.00
2022/05/10	13.78	13.88	13.27	13.59	249675105	3796563200.00
2022/05/11	13.37	14.16	13.28	13.86	232697918	3557673216.00
2022/05/12	14.05	14.13	13.33	13.39	170725354	2601140480.00
2022/05/13	13.61	13.88	13.43	13.64	141844711	2171589120.00
2022/05/16	13.83	14.41	13.81	14.09	185295831	2924531200.00
2022/05/17	14.36	14.66	14.08	14.20	147227293	2345332480.00
2022/05/18	13.99	14.91	13.66	14.53	151514048	2409657344.00
2022/05/19	14.08	14.20	13.80	14.06	118212793	1848521600.00
2022/05/20	13.93	14.43	13.93	14.10	106229956	1678203008.00
2022/05/23	14.04	14.71	13.99	14.53	134552110	2160002304.00
2022/05/24	14.52	14.70	14.23	14.32	106280085	1712440448.00
2022/05/25	14.29	15.33	14.29	15.00	152806425	2531873536.00
2022/05/26	14.93	15.53	14.81	15.20	101501095	1701713280.00
2022/05/27	15.58	16.88	15.58	16.88	242039508	4392283648.00
2022/05/30	16.77	18.05	16.60	17.88	182648507	3450132224.00
2022/05/31	17.88	18.28	17.44	17.85	133607780	2595137792.00
2022/06/01	17.38	17.68	17.08	17.35	95732138	1817650944.00
2022/06/02	17.01	17.03	16.35	16.38	109286991	1994145280.00
2022/06/06	16.88	17.17	16.73	16.95	102094733	1894669696.00
2022/06/07	16.79	17.68	16.73	17.28	95215059	1800841216.00
2022/06/08	17.54	17.83	17.08	17.68	97025042	1856408576.00
2022/06/09	18.08	18.74	17.83	18.10	121973261	2434378496.00
2022/06/10	17.68	18.87	17.68	18.69	88759842	1783177472.00
2022/06/13	18.26	18.56	17.75	17.99	92989185	1830070528.00
2022/06/14	17.79	18.86	17.71	18.78	101313754	2026832896.00
2022/06/15	18.56	18.64	17.76	17.76	121283237	2388819968.00
2022/06/16	17.38	17.64	16.72	16.99	137764417	2570155264.00
2022/06/17	16.85	17.26	16.50	17.03	91223803	1680497664.00
2022/06/20	16.09	16.23	15.18	15.48	175239341	3004438784.00
2022/06/21	15.63	15.91	15.49	15.68	86643588	1501089408.00
2022/06/22	15.53	15.84	15.08	15.14	93453254	1586564864.00
2022/06/23	14.98	15.71	14.98	15.59	81329940	1385697152.00
2022/06/24	15.46	15.63	15.26	15.41	66765632	1136757504.00
2022/06/27	15.50	16.06	15.38	16.00	82767580	1441984256.00
2022/06/28	16.28	16.68	16.28	16.55	85682861	1552423808.00
2022/06/29	16.58	16.80	15.87	16.01	76410807	1362307328.00
2022/06/30	15.83	15.93	15.48	15.83	65983999	1143184128.00
2022/07/01	15.44	15.64	15.28	15.47	52525889	897111104.00
2022/07/04	15.44	15.88	15.44	15.60	53049218	918531072.00
2022/07/05	15.88	15.93	15.50	15.74	56757585	986265984.00
2022/07/06	14.80	14.93	14.08	14.58	170904139	2756730368.00
2022/07/07	14.22	14.53	13.99	14.50	78738201	1250945408.00
2022/07/08	14.89	14.90	14.38	14.41	53222903	862728768.00
2022/07/11	14.41	14.66	14.11	14.59	52193357	835101696.00
2022/07/12	14.43	14.66	14.38	14.60	30076695	486244320.00
2022/07/13	14.08	14.53	13.92	14.53	59910735	947962816.00
2022/07/14	14.46	14.63	14.09	14.57	70528535	1123920896.00
2022/07/15	14.16	14.62	14.05	14.27	84544921	1262768896.00
2022/07/18	14.44	15.17	14.44	15.17	81774227	1269320576.00
2022/07/19	15.36	15.43	14.84	15.11	70531274	1106588544.00
2022/07/20	15.20	15.49	15.12	15.22	47856524	759078080.00
2022/07/21	15.16	15.19	14.85	14.88	40473437	629316544.00
2022/07/22	14.63	14.84	14.44	14.54	49511032	752656960.00
2022/07/25	14.49	14.55	14.24	14.32	36218956	541465216.00
2022/07/26	14.54	14.67	14.44	14.64	39395713	598685248.00
2022/07/27	14.49	14.61	14.36	14.43	29596759	445704864.00
2022/07/28	14.61	14.85	14.59	14.81	51909417	796639744.00
2022/07/29	14.71	14.98	14.42	14.49	44123141	671361600.00
2022/08/01	14.50	14.91	14.44	14.83	43392183	666305280.00
2022/08/02	14.52	14.57	14.09	14.43	50145630	749362816.00
2022/08/03	14.33	14.50	14.20	14.26	30652793	458110528.00
2022/08/04	14.10	14.10	13.77	13.99	44398452	644488768.00
2022/08/05	13.69	13.71	13.40	13.65	81916055	1156321920.00
2022/08/08	13.54	13.69	13.46	13.68	40321179	573305984.00
2022/08/09	13.71	13.89	13.69	13.73	45747221	658455168.00
2022/08/10	13.76	13.86	13.47	13.60	37602399	535517664.00
2022/08/11	13.68	13.82	13.64	13.78	35292422	506592128.00
2022/08/12	13.97	14.72	13.90	14.45	105815079	1578175232.00
2022/08/15	14.19	14.59	14.05	14.39	60731091	909011968.00
2022/08/16	14.08	14.22	13.91	14.05	48663449	713955520.00
2022/08/17	13.99	14.19	13.91	14.16	36922534	540546496.00
2022/08/18	14.15	14.15	13.77	13.80	49851012	721127680.00
2022/08/19	13.99	14.47	13.92	14.23	98004133	1456912256.00
2022/08/22	14.23	14.57	14.22	14.47	55232788	832921088.00
2022/08/23	14.49	15.64	14.46	15.43	160690177	2529401856.00
2022/08/24	15.50	16.16	15.47	15.74	138569825	2274884864.00
2022/08/25	16.05	17.37	15.93	17.07	178918087	3089714432.00
2022/08/26	16.60	16.70	16.07	16.10	96676317	1640080768.00
2022/08/29	15.84	16.97	15.84	16.62	90234292	1547775616.00
2022/08/30	16.97	17.18	15.89	16.42	95754701	1625266816.00
2022/08/31	15.89	16.03	15.57	15.66	72720099	1188702336.00
2022/09/01	15.55	16.06	15.36	15.39	62569554	1019216576.00
2022/09/02	15.37	15.65	15.21	15.42	35522054	569478272.00
2022/09/05	15.69	16.54	15.65	16.49	76514015	1287162368.00
2022/09/06	16.57	16.60	16.10	16.39	53317805	901209536.00
2022/09/07	16.01	16.19	15.80	16.07	63319365	1050631680.00
2022/09/08	15.57	15.61	15.32	15.56	60539494	974887424.00
2022/09/09	15.53	15.70	15.39	15.66	33157234	536719104.00
2022/09/13	15.94	15.99	15.57	15.73	46439199	759594688.00
2022/09/14	15.47	16.34	15.47	16.08	77276110	1288651776.00
2022/09/15	16.37	16.39	15.83	16.12	59682630	1000746944.00
2022/09/16	15.87	16.01	15.49	15.51	36762197	599367360.00
2022/09/19	15.40	15.79	15.25	15.49	30708925	495454368.00
2022/09/20	15.64	15.68	15.32	15.54	30838577	495162496.00
2022/09/21	15.39	16.05	15.22	16.01	44916737	731279552.00
2022/09/22	15.64	16.24	15.50	16.06	54083021	894966144.00
2022/09/23	15.98	16.92	15.96	16.39	77710437	1332906624.00
2022/09/26	15.82	15.83	14.87	14.91	89288489	1424138112.00
2022/09/27	14.84	14.94	14.23	14.73	68715073	1034259328.00
2022/09/28	14.69	15.04	14.41	14.54	39277776	599625280.00
2022/09/29	14.87	15.10	14.69	14.82	41767446	647055936.00
2022/09/30	14.81	15.34	14.69	15.22	38697633	607507776.00
2022/10/10	16.09	16.26	15.80	15.92	64665612	1074883840.00
2022/10/11	15.85	16.22	15.42	16.09	47508418	779668096.00
2022/10/12	15.85	16.15	15.73	16.06	41229127	683336832.00
2022/10/13	16.05	16.09	15.68	15.94	36219761	576045440.00
2022/10/14	16.16	16.36	16.09	16.29	39787203	644996544.00
2022/10/17	16.14	16.67	15.94	16.54	38573764	629075008.00
2022/10/18	16.50	16.50	16.08	16.11	35834967	583236352.00
2022/10/19	16.00	16.14	15.79	15.80	26287253	417958720.00
2022/10/20	15.96	16.33	15.89	16.08	35444290	570823552.00
2022/10/21	15.80	15.95	15.18	15.92	97348168	1510668288.00
2022/10/24	15.85	16.05	15.69	15.94	67504913	1072137792.00
2022/10/25	15.87	15.92	15.36	15.50	49277713	769625088.00
2022/10/26	15.48	15.72	15.00	15.18	78103210	1195370496.00
2022/10/27	15.31	15.50	15.18	15.37	50864580	781933376.00
2022/10/28	15.39	15.50	15.20	15.34	44693156	686583360.00
2022/10/31	15.20	15.24	14.66	14.70	56720383	845102848.00
2022/11/01	14.48	15.35	14.48	15.24	52173018	778613760.00
2022/11/02	15.21	15.67	15.14	15.56	53357819	824346752.00
2022/11/03	15.35	15.62	15.26	15.35	37612658	578701184.00
2022/11/04	15.31	15.83	15.30	15.74	74492672	1159688576.00
2022/11/07	15.75	17.00	15.75	16.41	103465576	1700795776.00
2022/11/08	16.52	16.66	16.10	16.25	52333248	856850944.00
2022/11/09	16.07	16.23	16.00	16.08	36296371	584027200.00
2022/11/10	15.75	15.91	15.54	15.86	48278436	757919744.00
2022/11/11	16.12	16.36	15.83	16.30	61189231	987189632.00
2022/11/14	16.35	16.58	15.94	16.03	43202292	699716864.00
2022/11/15	15.80	16.08	15.61	16.07	36380467	579595264.00
2022/11/16	16.09	16.40	16.07	16.28	47069174	763079104.00
2022/11/17	16.07	16.14	15.72	15.89	49511695	786108480.00
2022/11/18	15.74	15.85	15.61	15.67	42636276	669383488.00
2022/11/21	15.41	15.55	15.32	15.48	33229869	512799264.00
2022/11/22	15.43	16.00	15.40	15.71	45533651	714479936.00
2022/11/23	15.82	16.35	15.80	16.10	77033254	1242827392.00
2022/11/24	15.88	16.10	15.75	15.96	53347470	848598144.00
2022/11/25	15.92	16.21	15.89	16.12	35225256	567100288.00
2022/11/28	15.81	15.98	15.68	15.87	37782694	597736704.00
2022/11/29	15.92	16.33	15.78	16.25	59644858	959501312.00
2022/11/30	16.19	16.54	16.12	16.47	51441055	843710336.00
2022/12/01	16.66	16.77	16.31	16.54	58992410	977903424.00
2022/12/02	16.47	17.10	16.47	16.76	58308329	981202560.00
2022/12/05	16.78	17.32	16.70	17.15	55720262	950468608.00
2022/12/06	16.88	16.94	16.56	16.69	56241017	939459328.00
2022/12/07	16.40	16.43	16.13	16.23	52604571	855237696.00
2022/12/08	16.14	16.28	16.00	16.20	42636381	687547392.00
2022/12/09	16.16	16.19	16.06	16.15	26801215	432028320.00
2022/12/12	16.15	16.15	15.85	15.88	37077913	591044480.00
2022/12/13	16.03	16.10	15.90	16.03	22854382	366040064.00
2022/12/14	16.05	16.09	15.88	15.93	25053053	399737696.00
2022/12/15	16.06	16.07	15.88	15.90	21675995	345466400.00
2022/12/16	15.80	15.90	15.72	15.84	19133221	302387808.00
2022/12/19	15.82	15.83	15.18	15.31	48054139	741321088.00
2022/12/20	15.30	15.48	15.25	15.34	21428139	329292000.00
2022/12/21	15.39	15.41	15.15	15.22	18345060	279696128.00
2022/12/22	15.35	15.38	15.09	15.11	22793035	347113568.00
2022/12/23	15.07	15.14	14.97	15.06	16785229	252705344.00
2022/12/26	15.20	15.45	15.15	15.45	31468086	481586816.00
2022/12/27	15.50	15.60	15.38	15.45	25777353	398874752.00
2022/12/28	15.45	15.48	15.34	15.37	16446958	253310896.00
2022/12/29	15.30	15.30	15.08	15.09	26183798	396234624.00
2022/12/30	15.14	15.30	15.13	15.20	16988099	258092624.00
2023/01/03	15.21	15.52	15.21	15.48	26364619	405690336.00
2023/01/04	15.33	15.37	15.23	15.29	30651293	468911264.00
2023/01/05	15.22	15.28	15.12	15.28	32714731	496747520.00
2023/01/06	15.24	15.35	15.20	15.32	22619617	345371104.00
2023/01/09	15.36	15.50	15.31	15.50	32061853	494411616.00
2023/01/10	15.43	15.55	15.37	15.43	19849065	306445120.00
2023/01/11	15.40	15.55	15.35	15.49	20930182	323985184.00
2023/01/12	15.65	15.80	15.57	15.75	42105126	662003072.00
2023/01/13	15.82	15.93	15.72	15.76	26337383	416649056.00
2023/01/16	15.73	15.85	15.63	15.75	29441795	463669120.00
2023/01/17	15.70	15.70	15.45	15.47	36496352	566935424.00
2023/01/18	15.56	15.83	15.56	15.80	38770416	609991296.00
2023/01/19	15.66	15.76	15.61	15.71	25875504	405903872.00
2023/01/20	15.89	16.34	15.82	16.19	65971728	1066990464.00
2023/01/30	16.40	16.48	16.03	16.06	51359201	829883456.00
2023/01/31	15.96	16.03	15.82	15.89	35435886	563269760.00
2023/02/01	15.96	16.03	15.86	16.03	44561756	710182208.00
2023/02/02	15.94	16.14	15.85	16.10	42330719	676823680.00
2023/02/03	15.96	15.98	15.84	15.89	34704512	551526400.00
2023/02/06	15.76	15.91	15.65	15.90	20821678	329495296.00
2023/02/07	15.95	16.03	15.87	16.00	27338722	436387616.00
2023/02/08	16.13	16.20	15.91	15.96	34651794	557164800.00
2023/02/09	15.96	16.09	15.92	16.02	28854703	461967104.00
2023/02/10	15.98	16.01	15.82	15.89	28513859	453267072.00
2023/02/13	15.93	15.99	15.89	15.96	25126899	400501344.00
2023/02/14	15.96	16.09	15.88	16.09	27137782	433744608.00
2023/02/15	16.01	16.06	15.92	15.94	17953041	286564128.00
2023/02/16	15.93	16.07	15.70	15.82	35130357	559389632.00
2023/02/17	15.83	15.89	15.76	15.85	22003646	348444288.00
2023/02/20	15.83	16.07	15.76	16.05	43377441	693632320.00
2023/02/21	16.06	16.16	16.01	16.05	47023115	756783104.00
2023/02/22	15.98	16.28	15.96	16.14	46662501	754209472.00
2023/02/23	16.08	16.14	16.03	16.09	30873116	496252992.00
2023/02/24	16.14	16.14	15.89	15.98	20271861	324041824.00
2023/02/27	15.97	16.03	15.90	15.95	17447993	278422880.00
2023/02/28	15.95	16.02	15.90	15.97	15529717	247630224.00
2023/03/01	15.99	16.16	15.98	16.14	39510853	635713216.00
2023/03/02	16.16	16.81	16.14	16.67	120310858	1988026496.00
2023/03/03	16.68	17.34	16.55	17.18	139571691	2374259968.00
2023/03/06	17.32	17.51	17.04	17.20	74352664	1282302592.00
2023/03/07	17.25	18.92	17.25	18.21	173701597	3188300032.00
2023/03/08	17.95	18.16	17.77	18.12	90169843	1617272576.00
2023/03/09	17.97	18.52	17.90	18.20	69616568	1269380992.00
数据来源:通达信
